{
 "cells": [
  {
   "cell_type": "markdown",
   "id": "a603009e",
   "metadata": {},
   "source": [
    "In the following videos\n",
    "1. [Normalized Sense Function - Artificial Intelligence for Robotics - first video](https://youtu.be/GqWszyHTYas) \n",
    "2. [Normalized Sense Function - Artificial Intelligence for Robotics - second video](https://youtu.be/UX3W8TUKbJ0)\n",
    "is shown how to calculate the posterior probability.\n",
    "\n",
    "However the solution provided in the classroom is different than the one explained int he video. Posterior probabilities do not match the ones explained through the lesson."
   ]
  },
  {
   "cell_type": "markdown",
   "id": "a781d0c5",
   "metadata": {},
   "source": [
    "This is the solution provided in class in section 18, 19,\n",
    "\n",
    "__Bayesian Thinking__ \n",
    "\n",
    "_Robot Localization_:"
   ]
  },
  {
   "cell_type": "code",
   "execution_count": 1,
   "id": "37c17b3f",
   "metadata": {},
   "outputs": [],
   "source": [
    "#Modify your code so that it normalizes the output for \n",
    "#the function sense. This means that the entries in q \n",
    "#should sum to one.\n",
    "\n",
    "p=[0.2, 0.2, 0.2, 0.2, 0.2]\n",
    "world=['green', 'red', 'red', 'green', 'green']\n",
    "Z = 'red'\n",
    "pHit = 0.6\n",
    "pMiss = 0.2\n",
    "\n",
    "def sense(p, world, Z):\n",
    "    q = list()\n",
    "    for i, v in enumerate(p):\n",
    "        if Z == 'green':\n",
    "            multiplier = pHit if world[i] == 'green' else 1\n",
    "        if Z == 'red':\n",
    "            multiplier = pMiss if world[i] == 'red' else 1\n",
    "        q.append(v * multiplier)\n",
    "    total = sum(q)\n",
    "    for i, v in enumerate(q):\n",
    "        q[i] = v/total\n",
    "    return q"
   ]
  },
  {
   "cell_type": "markdown",
   "id": "527ffee8",
   "metadata": {},
   "source": [
    "This is my calculation:"
   ]
  },
  {
   "cell_type": "code",
   "execution_count": 2,
   "id": "a6afff9b",
   "metadata": {},
   "outputs": [],
   "source": [
    "prior = [0.2 for i in range(5)]\n",
    "world=['green', 'red', 'red', 'green', 'green']\n",
    "Z = 'red'\n",
    "pHit = 0.6\n",
    "pMiss = 0.2\n",
    "\n",
    "def chrysanthi_sense(prior, world, color):\n",
    "    multiplier = lambda color: pHit if color == 'red' else pMiss\n",
    "    pre_posterior = list(map(multiplier, world))\n",
    "    #print(f\"Multipliers are {pre_posterior}\")\n",
    "    priorPerPrePosterior = list(map(lambda x,y:x*y,prior,pre_posterior))\n",
    "    #print(f\"Non normalized posterors are {priorPerPrePosterior}\")\n",
    "    total = sum(priorPerPrePosterior)\n",
    "    #print(f\"Τotal Probability is {total}\")\n",
    "    posterior = list(map(lambda i:i/total,priorPerPrePosterior))\n",
    "    #print(f\"Posterior probabilities are {posterior}\")\n",
    "    return posterior"
   ]
  },
  {
   "cell_type": "code",
   "execution_count": 3,
   "id": "11db9e0c",
   "metadata": {},
   "outputs": [
    {
     "data": {
      "text/plain": [
       "[0.1111111111111111,\n",
       " 0.3333333333333332,\n",
       " 0.3333333333333332,\n",
       " 0.1111111111111111,\n",
       " 0.1111111111111111]"
      ]
     },
     "execution_count": 3,
     "metadata": {},
     "output_type": "execute_result"
    }
   ],
   "source": [
    "chrysanthi_sense(prior, world, Z)"
   ]
  },
  {
   "cell_type": "code",
   "execution_count": 4,
   "id": "50095e00",
   "metadata": {},
   "outputs": [],
   "source": [
    "measurements = ['red', 'green']\n",
    "for measurement in measurements:\n",
    "    p = chrysanthi_sense(p, world, measurement)\n",
    "for k in range(len(measurements)):\n",
    "    p = chrysanthi_sense(p, world, k)"
   ]
  },
  {
   "cell_type": "code",
   "execution_count": 5,
   "id": "741e66e0",
   "metadata": {},
   "outputs": [],
   "source": [
    "posterior_measurements = [chrysanthi_sense(p, world, measurement) for measurement in measurements]"
   ]
  },
  {
   "cell_type": "code",
   "execution_count": 6,
   "id": "f39409dc",
   "metadata": {},
   "outputs": [
    {
     "data": {
      "text/plain": [
       "[[0.0020449897750511262,\n",
       "  0.4969325153374233,\n",
       "  0.4969325153374233,\n",
       "  0.0020449897750511262,\n",
       "  0.0020449897750511262],\n",
       " [0.0020449897750511262,\n",
       "  0.4969325153374233,\n",
       "  0.4969325153374233,\n",
       "  0.0020449897750511262,\n",
       "  0.0020449897750511262]]"
      ]
     },
     "execution_count": 6,
     "metadata": {},
     "output_type": "execute_result"
    }
   ],
   "source": [
    "posterior_measurements"
   ]
  },
  {
   "cell_type": "code",
   "execution_count": 7,
   "id": "d86a2b8e",
   "metadata": {},
   "outputs": [
    {
     "data": {
      "text/plain": [
       "[0.02824858757062148,\n",
       " 0.45762711864406774,\n",
       " 0.45762711864406774,\n",
       " 0.02824858757062148,\n",
       " 0.02824858757062148]"
      ]
     },
     "execution_count": 7,
     "metadata": {},
     "output_type": "execute_result"
    }
   ],
   "source": [
    "sense(p, world, Z)"
   ]
  },
  {
   "cell_type": "markdown",
   "id": "5761f949",
   "metadata": {},
   "source": [
    "This is the solution a mentor offered in [Knowledge](https://knowledge.udacity.com/questions/948782) "
   ]
  },
  {
   "cell_type": "code",
   "execution_count": 8,
   "id": "2bd5bcba",
   "metadata": {},
   "outputs": [],
   "source": [
    "p=[0.2, 0.2, 0.2, 0.2, 0.2]\n",
    "world=['green', 'red', 'red', 'green', 'green']\n",
    "Z = 'red'\n",
    "pHit = 0.6\n",
    "pMiss = 0.2\n",
    "\n",
    "\n",
    "def mentor_sense(p, world, Z):\n",
    "    q = list()\n",
    "    for i in range(len(p)):\n",
    "        hit = (Z == world[i])\n",
    "        q.append(p[i] * (hit * pHit + (1-hit) * pMiss))\n",
    "    \n",
    "    total = sum(q)\n",
    "    for i, v in enumerate(q):\n",
    "        q[i] = q[i]/total\n",
    "    return q"
   ]
  },
  {
   "cell_type": "code",
   "execution_count": 9,
   "id": "3b0c5ff3",
   "metadata": {},
   "outputs": [
    {
     "data": {
      "text/plain": [
       "[0.1111111111111111,\n",
       " 0.3333333333333332,\n",
       " 0.3333333333333332,\n",
       " 0.1111111111111111,\n",
       " 0.1111111111111111]"
      ]
     },
     "execution_count": 9,
     "metadata": {},
     "output_type": "execute_result"
    }
   ],
   "source": [
    "mentor_sense(p,world,Z)"
   ]
  },
  {
   "cell_type": "code",
   "execution_count": 10,
   "id": "c80b8e44",
   "metadata": {},
   "outputs": [],
   "source": [
    "# Program a function that returns a new distribution \n",
    "# q, shifted to the right by U units . If U=0, q should \n",
    "# be the same as p.\n",
    "\n",
    "p = [0, 1, 0, 0, 0]\n",
    "\n",
    "def move(p, U):\n",
    "    ## YOUR CODE HERE ##\n",
    "    U = U % len(p) # set the position\n",
    "    q = p[-U:] + p[:-U] # updated probability\n",
    "    \n",
    "    return q"
   ]
  },
  {
   "cell_type": "code",
   "execution_count": 111,
   "id": "723b7594",
   "metadata": {},
   "outputs": [],
   "source": [
    "p = [0,1,0,0,0]\n",
    "pExact = 0.8\n",
    "pOvershoot = 0.1\n",
    "pUndershoot = 0.1\n",
    "\n",
    "def inexact_move(p, U):\n",
    "    q = []\n",
    "    for i in range(len(p)):\n",
    "        \n",
    "        s = pExact*p[(i - U) % len(p)]\n",
    "        print(f\"pExact probability for position {str(i)} is {s}\" )\n",
    "        \n",
    "        s = s + pUndershoot*p[(i - U - 1) % len(p)]\n",
    "        print(f\"pUndershoot probability for position {str(i)} is {s}\")\n",
    "        \n",
    "        s = s + pOvershoot*p[(i - U + 1) % len(p)]\n",
    "        print(f\"pOvershoot probability for position {str(i)}\\n\")\n",
    "              \n",
    "        q.append(s)\n",
    "    return q"
   ]
  },
  {
   "cell_type": "code",
   "execution_count": 12,
   "id": "8fb8d0e9",
   "metadata": {},
   "outputs": [],
   "source": [
    "p = [0,1,0,0,0]\n",
    "pExact = 0.8\n",
    "pOvershoot = 0.1\n",
    "pUndershoot = 0.1\n",
    "\n",
    "def inexact_move(p, U):\n",
    "    q = []\n",
    "    for i in range(len(p)):\n",
    "        \n",
    "        s_Exact = pExact*p[(i - U) % len(p)]\n",
    "        print(f\"pExact probability for position {str(i)} is {s_Exact}\" )\n",
    "        \n",
    "        s_Under = pUndershoot*p[(i - U + 1) % len(p)]\n",
    "        print(f\"pUndershoot probability for position {str(i)} is {s_Under}\")\n",
    "        \n",
    "        s_Over = pOvershoot*p[(i - U - 1) % len(p)]\n",
    "        print(f\"pOvershoot probability for position {str(i)} is {s_Over}\")\n",
    "        \n",
    "        s = s_Exact + s_Under + s_Over\n",
    "        print(f\"Total probability for position {str(i)} is {s}\\n\")\n",
    "              \n",
    "        q.append(s)\n",
    "    return q"
   ]
  },
  {
   "cell_type": "code",
   "execution_count": 13,
   "id": "0f2ddbb1",
   "metadata": {},
   "outputs": [
    {
     "name": "stdout",
     "output_type": "stream",
     "text": [
      "pExact probability for position 0 is 0.0\n",
      "pUndershoot probability for position 0 is 0.0\n",
      "pOvershoot probability for position 0 is 0.0\n",
      "Total probability for position 0 is 0.0\n",
      "\n",
      "pExact probability for position 1 is 0.0\n",
      "pUndershoot probability for position 1 is 0.1\n",
      "pOvershoot probability for position 1 is 0.0\n",
      "Total probability for position 1 is 0.1\n",
      "\n",
      "pExact probability for position 2 is 0.8\n",
      "pUndershoot probability for position 2 is 0.0\n",
      "pOvershoot probability for position 2 is 0.0\n",
      "Total probability for position 2 is 0.8\n",
      "\n",
      "pExact probability for position 3 is 0.0\n",
      "pUndershoot probability for position 3 is 0.0\n",
      "pOvershoot probability for position 3 is 0.1\n",
      "Total probability for position 3 is 0.1\n",
      "\n",
      "pExact probability for position 4 is 0.0\n",
      "pUndershoot probability for position 4 is 0.0\n",
      "pOvershoot probability for position 4 is 0.0\n",
      "Total probability for position 4 is 0.0\n",
      "\n"
     ]
    },
    {
     "data": {
      "text/plain": [
       "[0.0, 0.1, 0.8, 0.1, 0.0]"
      ]
     },
     "execution_count": 13,
     "metadata": {},
     "output_type": "execute_result"
    }
   ],
   "source": [
    "inexact_move(p, 1)"
   ]
  },
  {
   "cell_type": "code",
   "execution_count": 143,
   "id": "8576af9e",
   "metadata": {},
   "outputs": [],
   "source": [
    "p = [0,1,0,0,0]\n",
    "pExact = 0.8\n",
    "pOvershoot = 0.1\n",
    "pUndershoot = 0.1\n",
    "\n",
    "def inexact_move(p, U):\n",
    "    q = []\n",
    "    for i in range(len(p)):\n",
    "        \n",
    "        sExact = pExact*p[(i - U) % len(p)]\n",
    "        print(f\"pExact probability for position {str(i)} is {sExact}\" )\n",
    "        \n",
    "        sUnder = pUndershoot*p[(i - U + 1) % len(p)]\n",
    "        print(f\"pUndershoot probability for position {str(i)} is {sUnder}\")\n",
    "        \n",
    "        sOver = pOvershoot*p[(i - U - 1) % len(p)]\n",
    "        print(f\"pOvershoot probability for position {str(i)} is {sOver}\")\n",
    "        \n",
    "        s = sExact + sUnder + sOver\n",
    "        print(f\"Total probability for position {str(i)} is {s}\\n\")\n",
    "              \n",
    "        q.append(s)\n",
    "    return q"
   ]
  },
  {
   "cell_type": "code",
   "execution_count": 15,
   "id": "58375844",
   "metadata": {},
   "outputs": [],
   "source": [
    "p = [0,1,0,0,0]\n",
    "U = 1\n",
    "\n",
    "sExact = [0.8 * p[(i - U) % len(p)] for i in range(len(p))]\n",
    "sUnder = [0.1 * p[(i - U + 1) % len(p)] for i in range(len(p))]\n",
    "sOver = [0.1 * p[(i - U - 1) % len(p)] for i in range(len(p))]\n"
   ]
  },
  {
   "cell_type": "code",
   "execution_count": 16,
   "id": "ccd840e6",
   "metadata": {},
   "outputs": [
    {
     "data": {
      "text/plain": [
       "[0.0, 0.0, 0.8, 0.0, 0.0]"
      ]
     },
     "execution_count": 16,
     "metadata": {},
     "output_type": "execute_result"
    }
   ],
   "source": [
    "sExact "
   ]
  },
  {
   "cell_type": "code",
   "execution_count": 17,
   "id": "a7e34862",
   "metadata": {},
   "outputs": [
    {
     "data": {
      "text/plain": [
       "[0.0, 0.1, 0.0, 0.0, 0.0]"
      ]
     },
     "execution_count": 17,
     "metadata": {},
     "output_type": "execute_result"
    }
   ],
   "source": [
    "sUnder"
   ]
  },
  {
   "cell_type": "code",
   "execution_count": 18,
   "id": "3f75dccc",
   "metadata": {},
   "outputs": [
    {
     "data": {
      "text/plain": [
       "[0.0, 0.0, 0.0, 0.1, 0.0]"
      ]
     },
     "execution_count": 18,
     "metadata": {},
     "output_type": "execute_result"
    }
   ],
   "source": [
    "sOver"
   ]
  },
  {
   "cell_type": "code",
   "execution_count": 19,
   "id": "54b4ab8c",
   "metadata": {},
   "outputs": [
    {
     "data": {
      "text/plain": [
       "[0.0, 0.1, 0.8, 0.1, 0.0]"
      ]
     },
     "execution_count": 19,
     "metadata": {},
     "output_type": "execute_result"
    }
   ],
   "source": [
    "list(map(lambda x,y,z:x+y+z, sExact, sUnder, sOver ))"
   ]
  },
  {
   "cell_type": "code",
   "execution_count": 142,
   "id": "cfe586a7",
   "metadata": {},
   "outputs": [],
   "source": [
    "p = [0,1,0,0,0]\n",
    "pExact = 0.8\n",
    "pOvershoot = 0.1\n",
    "pUndershoot = 0.1\n",
    "\n",
    "def generator_move(p, U):\n",
    "    sExact = [pExact * p[(i - U) % len(p)] for i in range(len(p))]\n",
    "    sUnder = [pUndershoot * p[(i - U + 1) % len(p)] for i in range(len(p))]\n",
    "    sOver = [pOvershoot * p[(i - U - 1) % len(p)] for i in range(len(p))]\n",
    "    sTotalProbability = list(map(lambda x,y,z:x+y+z, sExact, sUnder, sOver ))\n",
    "    \n",
    "    yield sTotalProbability"
   ]
  },
  {
   "cell_type": "markdown",
   "id": "064c9044",
   "metadata": {},
   "source": [
    "_\"Move twice\"_ exercise to prove how you lose information when you move in the space from one place to the other\n",
    "1. [Excersize Video](https://youtu.be/sKiumVTdpgY)\n",
    "2. [Solution Video](https://youtu.be/oqlgQa1IdcY)"
   ]
  },
  {
   "cell_type": "code",
   "execution_count": 145,
   "id": "92aa11eb",
   "metadata": {},
   "outputs": [],
   "source": [
    "p = [0,1,0,0,0]\n",
    "pExact = 0.8\n",
    "pOvershoot = 0.1\n",
    "pUndershoot = 0.1\n",
    "\n",
    "def inexact_move(p, U):\n",
    "    q = []\n",
    "    for i in range(len(p)):\n",
    "        \n",
    "        sExact = pExact*p[(i - U) % len(p)]\n",
    "        sUnder = pUndershoot*p[(i - U + 1) % len(p)]\n",
    "        sOver = pOvershoot*p[(i - U - 1) % len(p)]\n",
    "        s = sExact + sUnder + sOver\n",
    "        q.append(s)\n",
    "    return q"
   ]
  },
  {
   "cell_type": "code",
   "execution_count": 147,
   "id": "f7611bc1",
   "metadata": {},
   "outputs": [
    {
     "name": "stdout",
     "output_type": "stream",
     "text": [
      "[0.0, 0.1, 0.8, 0.1, 0.0]\n",
      "[0.010000000000000002, 0.010000000000000002, 0.16000000000000003, 0.6600000000000001, 0.16000000000000003]\n"
     ]
    }
   ],
   "source": [
    "p = [0,1,0,0,0]\n",
    "p = inexact_move(p, 1)\n",
    "print(p)\n",
    "p = inexact_move(p, 1)\n",
    "print(p)"
   ]
  },
  {
   "cell_type": "markdown",
   "id": "7282e41a",
   "metadata": {},
   "source": [
    "_\"Move 1000 times\"_ exercise to prove how you lose information when you move in the space from one place to the other\n",
    "1. [Excersize Video](https://youtu.be/x2o1g3J-1nw)\n",
    "2. [Solution Video](https://youtu.be/nYt9b_pNvEE)"
   ]
  },
  {
   "cell_type": "code",
   "execution_count": 192,
   "id": "c6067b96",
   "metadata": {},
   "outputs": [
    {
     "name": "stdout",
     "output_type": "stream",
     "text": [
      "[0.0, 0.1, 0.8, 0.1, 0.0]\n",
      "[0.010000000000000002, 0.010000000000000002, 0.16000000000000003, 0.6600000000000001, 0.16000000000000003]\n",
      "[0.19500000000000006, 0.02500000000000001, 0.02500000000000001, 0.19500000000000006, 0.5600000000000002]\n",
      "[0.4870000000000002, 0.21450000000000008, 0.042000000000000016, 0.042000000000000016, 0.21450000000000008]\n",
      "[0.22450000000000012, 0.4325000000000002, 0.22450000000000012, 0.059250000000000025, 0.059250000000000025]\n",
      "[0.07577500000000004, 0.22877500000000012, 0.39090000000000025, 0.22877500000000012, 0.07577500000000004]\n",
      "[0.09107500000000004, 0.09107500000000004, 0.22968750000000016, 0.3584750000000002, 0.22968750000000016]\n",
      "[0.22870500000000016, 0.10493625000000006, 0.10493625000000005, 0.22870500000000016, 0.3327175000000003]\n",
      "[0.3119150000000003, 0.22672937500000018, 0.11731312500000007, 0.11731312500000007, 0.22672937500000018]\n",
      "[0.2243063125000002, 0.2948778750000003, 0.2243063125000002, 0.12825475000000008, 0.12825475000000008]\n",
      "[0.1378599062500001, 0.2217583125000002, 0.28076356250000023, 0.2217583125000002, 0.1378599062500001]\n",
      "[0.14624974687500011, 0.14624974687500014, 0.2192689968750002, 0.26896251250000025, 0.2192689968750002]\n",
      "[0.21693642343750022, 0.15355167187500016, 0.15355167187500016, 0.21693642343750022, 0.25902380937500025]\n",
      "[0.2506063321875002, 0.21480668687500024, 0.15989014703125015, 0.15989014703125018, 0.21480668687500024]\n",
      "[0.21289499742187523, 0.24344640312500027, 0.21289499742187523, 0.16538180101562516, 0.16538180101562522]\n",
      "[0.17013312065625022, 0.21119881835156273, 0.23733612198437526, 0.21119881835156273, 0.1701331206562502]\n",
      "[0.17423969042578147, 0.17423969042578147, 0.20970597894531273, 0.2321086612578128, 0.20970597894531273]\n",
      "[0.20839961832460963, 0.17778631927773458, 0.17778631927773458, 0.20839961832460963, 0.2276281247953128]\n",
      "[0.22378242350117217, 0.20726113906699245, 0.18084764918242208, 0.18084764918242208, 0.20726113906699245]\n",
      "[0.2062719185219534, 0.22047816661433628, 0.20627191852195342, 0.1834889981708791, 0.18348899817087913]\n",
      "[0.18576729020598653, 0.20541425129608426, 0.2176369169958597, 0.2054142512960843, 0.18576729020598653]\n",
      "[0.18773198631499632, 0.18773198631499632, 0.20467182175705204, 0.21519238385590467, 0.20467182175705206]\n",
      "[0.20402989442273176, 0.1894259698592019, 0.1894259698592019, 0.20402989442273173, 0.21308827143613415]\n",
      "[0.21127659603345367, 0.20347533966771902, 0.1908863623155549, 0.1908863623155549, 0.203475339667719]\n",
      "[0.20299656756907605, 0.20971634476030676, 0.20299656756907608, 0.19214526005077132, 0.19214526005077132]\n",
      "[0.19323039080260182, 0.20258341453636866, 0.20837238932206065, 0.2025834145363687, 0.19323039080260182]\n",
      "[0.1941656931759785, 0.1941656931759785, 0.20222700964156118, 0.20721459436492226, 0.2022270096415612]\n",
      "[0.20191963646733907, 0.1949718248225368, 0.1949718248225368, 0.20191963646733904, 0.20621707742025008]\n",
      "[0.20535758922966788, 0.20165459939814998, 0.19566660598701707, 0.19566660598701704, 0.20165459939814995]\n",
      "[0.2014260990401885, 0.2046169912633643, 0.2014260990401885, 0.1962654053281304, 0.19626540532813036]\n",
      "[0.1967814746993362, 0.2012291188913003, 0.20397881281872915, 0.2012291188913003, 0.1967814746993362]\n",
      "[0.19722623911853265, 0.19722623911853265, 0.2010593238648468, 0.20342887403324342, 0.2010593238648468]\n",
      "[0.20091297040705508, 0.19760954759316407, 0.19760954759316407, 0.20091297040705508, 0.2029549639995641]\n",
      "[0.2025465652810623, 0.20078682748491689, 0.1979398898745532, 0.1979398898745532, 0.2007868274849169]\n",
      "[0.2006781075034951, 0.20219461772183325, 0.20067810750349507, 0.1982245836355896, 0.1982245836355896]\n",
      "[0.19846993602238017, 0.20058440613853834, 0.20189131567816565, 0.20058440613853834, 0.19846993602238017]\n",
      "[0.198681383033996, 0.198681383033996, 0.20050365008088528, 0.20162993377024022, 0.20050365008088528]\n",
      "[0.20043405174513185, 0.19886360973868494, 0.19886360973868492, 0.20043405174513185, 0.20140467703236925]\n",
      "[0.2012105519749218, 0.20037407007321092, 0.19902065393932966, 0.19902065393932963, 0.2003740700732109]\n",
      "[0.2003223766499939, 0.20104325559457964, 0.20032237664999392, 0.1991559955527178, 0.1991559955527178]\n",
      "[0.1992726336624454, 0.20027782643472486, 0.20089907980566252, 0.2002778264347249, 0.1992726336624454]\n",
      "[0.19937315293967336, 0.19937315293967336, 0.2002394324945907, 0.200774829131475, 0.20023943249459072]\n",
      "[0.20020634420278743, 0.1994597808951651, 0.1994597808951651, 0.2002063442027874, 0.20066774980409818]\n",
      "[0.20057546868383602, 0.20017782843215629, 0.19953443722592734, 0.19953443722592734, 0.20017782843215626]\n",
      "[0.20015325333670136, 0.20049594063350007, 0.2001532533367014, 0.19959877634655024, 0.19959877634655027]\n",
      "[0.19965422404556538, 0.20013207436736616, 0.20042740317414037, 0.20013207436736613, 0.19965422404556538]\n",
      "[0.19970200907774546, 0.19970200907774546, 0.20011382221586352, 0.20036833741278556, 0.2001138222158635]\n",
      "[0.20009809242174392, 0.19974319039155727, 0.19974319039155727, 0.20009809242174395, 0.20031743437340116]\n",
      "[0.20027356598306972, 0.200084536413891, 0.19977868059457593, 0.19977868059457596, 0.200084536413891]\n",
      "[0.2000728537888774, 0.200235760069234, 0.2000728537888774, 0.19980926617650746, 0.1998092661765075]\n",
      "[0.19983562493774448, 0.20006278565567606, 0.20020317881316269, 0.20006278565567606, 0.19983562493774445]\n",
      "[0.19985834100953764, 0.19985834100953764, 0.2000541088996316, 0.20017510018166537, 0.2000541088996316]\n",
      "[0.2000466312388256, 0.19987791779854708, 0.19987791779854708, 0.2000466312388256, 0.20015090192525864]\n",
      "[0.20013004778797205, 0.20004018696344109, 0.19989478914257497, 0.19989478914257497, 0.20004018696344109]\n",
      "[0.2000346332638076, 0.20011207562306588, 0.2000346332638076, 0.1999093289246616, 0.1999093289246616]\n",
      "[0.1999218593585762, 0.20002984706581883, 0.20009658715121423, 0.20002984706581886, 0.1999218593585762]\n",
      "[0.19993265812930047, 0.1999326581293005, 0.20002572230363413, 0.20008323913413514, 0.20002572230363416]\n",
      "[0.2000221675692509, 0.19994196454673388, 0.19994196454673388, 0.2000221675692509, 0.20007173576803497]\n",
      "[0.20006182212827817, 0.20001910408687762, 0.19994998484898557, 0.19994998484898557, 0.20001910408687762]\n",
      "[0.20001646396722847, 0.20005327851999807, 0.20001646396722847, 0.19995689677277478, 0.19995689677277478]\n",
      "[0.1999628534922202, 0.2000141887030601, 0.20004591560944418, 0.2000141887030601, 0.1999628534922202]\n",
      "[0.1999679870133042, 0.1999679870133042, 0.20001222787261452, 0.20003957022816737, 0.20001222787261452]\n",
      "[0.20001053802223878, 0.19997241109923525, 0.19997241109923525, 0.20001053802223878, 0.20003410175705683]\n",
      "[0.20002938901009326, 0.20000908170342024, 0.19997622379153562, 0.19997622379153562, 0.20000908170342024]\n",
      "[0.2000078266428991, 0.20002532754875868, 0.2000078266428991, 0.1999795095827241, 0.1999795095827241]\n",
      "[0.19998234128874162, 0.20000674502746757, 0.20002182736758678, 0.20000674502746757, 0.1999823412887416]\n",
      "[0.1999847816626142, 0.19998478166261424, 0.2000058128876069, 0.20001881089956294, 0.2000058128876069]\n",
      "[0.20000500956630327, 0.1999868847851135, 0.1999868847851135, 0.20000500956630327, 0.20001621129717176]\n",
      "[0.2000139709509981, 0.20000431726127116, 0.1999886972632325, 0.1999886972632325, 0.20000431726127116]\n",
      "[0.20000372063044, 0.20001204021305272, 0.20000372063044, 0.1999902592630364, 0.1999902592630364]\n",
      "[0.19999160539977678, 0.20000320645196096, 0.20001037629653018, 0.20000320645196096, 0.19999160539977678]\n",
      "[0.19999276550499523, 0.19999276550499523, 0.20000276333119948, 0.20000894232761637, 0.20000276333119948]\n",
      "[0.20000238144822075, 0.19999376528761567, 0.19999376528761567, 0.20000238144822075, 0.20000770652833302]\n",
      "[0.20000664151231057, 0.2000020523401715, 0.1999946269036762, 0.1999946269036762, 0.20000205234017146]\n",
      "[0.20000176871373584, 0.20000572367788277, 0.20000176871373587, 0.19999536944732574, 0.1999953694473257]\n",
      "[0.19999600937396675, 0.20000152428350956, 0.20000493268505343, 0.2000015242835096, 0.19999600937396678]\n",
      "[0.19999656086492107, 0.19999656086492107, 0.20000131363270968, 0.20000425100474467, 0.20000131363270968]\n",
      "[0.20000113209313433, 0.19999703614169997, 0.19999703614169995, 0.20000113209313436, 0.2000036635303377]\n",
      "[0.20000315724289705, 0.20000097564171124, 0.19999744573684344, 0.19999744573684342, 0.20000097564171126]\n",
      "[0.20000084081134306, 0.2000027209226599, 0.20000084081134303, 0.19999779872733023, 0.1999977987273302]\n",
      "[0.19999810293573148, 0.20000072461407348, 0.20000234490039653, 0.20000072461407345, 0.1999981029357315]\n",
      "[0.1999983651035657, 0.1999983651035657, 0.2000006244748716, 0.2000020208431319, 0.20000062447487157]\n",
      "[0.20000053817456703, 0.19999859104069628, 0.19999859104069628, 0.20000053817456703, 0.20000174156947984]\n",
      "[0.20000150089049729, 0.20000046380067124, 0.19999878575408336, 0.19999878575408336, 0.20000046380067124]\n",
      "[0.20000039970499506, 0.2000012934725321, 0.20000039970499506, 0.19999895355874214, 0.19999895355874217]\n",
      "[0.19999909817336747, 0.20000034446712348, 0.2000011147190247, 0.20000034446712348, 0.19999909817336745]\n",
      "[0.19999922280274307, 0.19999922280274307, 0.20000029686293802, 0.20000096066864448, 0.200000296862938]\n",
      "[0.20000025583748918, 0.19999933020876257, 0.19999933020876257, 0.20000025583748918, 0.2000008279075032]\n",
      "[0.2000007134935004, 0.20000022048161792, 0.19999942277163524, 0.19999942277163524, 0.20000022048161792]\n",
      "[0.20000019001180794, 0.20000061489112392, 0.2000001900118079, 0.19999950254263352, 0.19999950254263352]\n",
      "[0.19999957128955095, 0.20000016375282212, 0.2000005299152607, 0.2000001637528221, 0.19999957128955095]\n",
      "[0.19999963053587805, 0.19999963053587805, 0.2000001411227389, 0.200000456682773, 0.20000014112273884]\n",
      "[0.2000001216200562, 0.19999968159456416, 0.19999968159456416, 0.20000012162005626, 0.2000003935707662]\n",
      "[0.2000003391806242, 0.20000010481257802, 0.19999972559711338, 0.19999972559711338, 0.20000010481257807]\n",
      "[0.20000009032783625, 0.200000292307015, 0.2000000903278362, 0.19999976351865983, 0.19999976351865986]\n",
      "[0.1999997961995775, 0.2000000778448365, 0.20000025191117926, 0.20000007784483648, 0.19999979619957747]\n",
      "[0.1999998243641034, 0.19999982436410343, 0.2000000670869449, 0.20000021709791074, 0.20000006708694487]\n",
      "[0.20000005781575733, 0.19999984863638756, 0.19999984863638762, 0.20000005781575736, 0.2000001870957176]\n",
      "[0.20000016123972555, 0.2000000498258164, 0.19999986955432456, 0.19999986955432458, 0.20000004982581643]\n",
      "[0.20000004294005816, 0.20000013895694374, 0.20000004294005816, 0.19999988758147375, 0.19999988758147377]\n",
      "[0.1999999031173322, 0.20000003700588828, 0.20000011975356663, 0.2000000370058883, 0.19999990311733218]\n",
      "[0.19999991650618779, 0.1999999165061878, 0.20000003189180052, 0.20000010320403097, 0.20000003189180054]\n",
      "[0.20000002748446233, 0.19999992804474906, 0.1999999280447491, 0.2000000274844623, 0.20000008894158489]\n",
      "[0.2000000766501604, 0.20000002368620326, 0.19999993798872043, 0.19999993798872043, 0.20000002368620323]\n",
      "[0.20000002041285067, 0.20000006605736897, 0.2000000204128507, 0.19999994655846873, 0.19999994655846873]\n",
      "[0.19999995394390693, 0.2000000175918643, 0.20000005692846534, 0.20000001759186434, 0.19999995394390693]\n",
      "[0.19999996030870265, 0.19999996030870265, 0.20000001516072868, 0.20000004906114513, 0.20000001516072874]\n",
      "[0.20000001306556778, 0.19999996579390528, 0.19999996579390528, 0.20000001306556772, 0.20000004228106186]\n",
      "[0.20000003643796305, 0.20000001125995095, 0.19999997052107152, 0.19999997052107152, 0.2000000112599509]\n",
      "[0.2000000097038642, 0.20000003140236064, 0.20000000970386422, 0.19999997459495947, 0.19999997459495947]\n",
      "[0.19999997810584996, 0.2000000083628234, 0.20000002706266137, 0.20000000836282342, 0.19999997810584993]\n",
      "[0.1999999811315473, 0.19999998113154732, 0.20000000720710986, 0.2000000233226938, 0.2000000072071099]\n",
      "[0.20000000621111202, 0.19999998373910355, 0.19999998373910358, 0.20000000621111202, 0.200000020099577]\n",
      "[0.20000001732188405, 0.2000000053527577, 0.19999998598630442, 0.19999998598630445, 0.2000000053527577]\n",
      "[0.20000000461302503, 0.2000000149280588, 0.20000000461302503, 0.19999998792294976, 0.19999998792294976]\n",
      "[0.1999999895919573, 0.20000000397552087, 0.2000000128650521, 0.20000000397552087, 0.1999999895919573]\n",
      "[0.19999999103031368, 0.19999999103031368, 0.20000000342611768, 0.20000001108714588, 0.20000000342611768]\n",
      "[0.20000000295264012, 0.1999999922698941, 0.1999999922698941, 0.20000000295264012, 0.20000000955494024]\n",
      "[0.20000000823448022, 0.20000000254459555, 0.1999999933381687, 0.1999999933381687, 0.20000000254459555]\n",
      "[0.20000000219294134, 0.20000000709650329, 0.20000000219294134, 0.1999999942588114, 0.1999999942588114]\n",
      "[0.19999999505222438, 0.20000000188988454, 0.20000000611579088, 0.20000000188988457, 0.1999999950522244]\n",
      "[0.19999999573599042, 0.1999999957359904, 0.20000000162870915, 0.20000000527060963, 0.20000000162870918]\n",
      "[0.20000000140362736, 0.19999999632526233, 0.19999999632526227, 0.20000000140362734, 0.20000000454222955]\n",
      "[0.20000000391450912, 0.2000000012096511, 0.19999999683309883, 0.19999999683309883, 0.20000000120965106]\n",
      "[0.20000000104248167, 0.20000000337353754, 0.2000000010424817, 0.1999999972707541, 0.19999999727075407]\n",
      "[0.19999999764792684, 0.20000000089841452, 0.2000000029073264, 0.20000000089841452, 0.19999999764792686]\n",
      "[0.19999999797297566, 0.19999999797297563, 0.20000000077425698, 0.20000000250554403, 0.20000000077425698]\n",
      "[0.20000000066725757, 0.19999999825310377, 0.19999999825310377, 0.20000000066725754, 0.20000000215928662]\n",
      "[0.20000000186088082, 0.2000000005750451, 0.19999999849451916, 0.19999999849451916, 0.20000000057504508]\n",
      "[0.20000000049557606, 0.2000000016037137, 0.2000000004955761, 0.19999999870257176, 0.19999999870257176]\n",
      "[0.1999999988818722, 0.20000000042708943, 0.20000000138208618, 0.20000000042708946, 0.1999999988818722]\n",
      "[0.19999999903639396, 0.19999999903639393, 0.20000000036806742, 0.20000000119108682, 0.20000000036806742]\n",
      "[0.20000000031720203, 0.19999999916956132, 0.1999999991695613, 0.20000000031720203, 0.20000000102648297]\n",
      "[0.20000000088462677, 0.20000000027336606, 0.1999999992843254, 0.19999999928432538, 0.20000000027336606]\n",
      "[0.2000000002355881, 0.20000000076237462, 0.2000000002355881, 0.1999999993832295, 0.1999999993832295]\n",
      "[0.19999999946846536, 0.20000000020303094, 0.20000000065701734, 0.20000000020303094, 0.1999999994684654]\n",
      "[0.19999999954192194, 0.19999999954192194, 0.20000000017497305, 0.20000000056622008, 0.20000000017497305]\n",
      "[0.20000000015079264, 0.19999999960522705, 0.19999999960522705, 0.20000000015079264, 0.20000000048797067]\n",
      "[0.20000000042053506, 0.2000000001299539, 0.19999999965978363, 0.19999999965978363, 0.2000000001299539]\n",
      "[0.200000000111995, 0.20000000036241886, 0.200000000111995, 0.19999999970680069, 0.19999999970680069]\n",
      "[0.19999999974732013, 0.20000000009651797, 0.20000000031233411, 0.200000000096518, 0.19999999974732013]\n",
      "[0.19999999978223992, 0.19999999978223992, 0.2000000000831798, 0.2000000002691709, 0.20000000008317984]\n",
      "[0.20000000007168497, 0.1999999998123339, 0.1999999998123339, 0.20000000007168495, 0.20000000023197267]\n",
      "[0.20000000019991515, 0.20000000006177865, 0.19999999983826902, 0.19999999983826902, 0.20000000006177862]\n",
      "[0.20000000005324134, 0.20000000017228786, 0.20000000005324137, 0.19999999986062, 0.19999999986061998]\n",
      "[0.19999999987988215, 0.20000000004588386, 0.20000000014847857, 0.2000000000458839, 0.19999999987988215]\n",
      "[0.19999999989648232, 0.19999999989648234, 0.20000000003954319, 0.20000000012795965, 0.20000000003954319]\n",
      "[0.20000000003407878, 0.19999999991078843, 0.19999999991078846, 0.20000000003407878, 0.20000000011027638]\n",
      "[0.20000000009503688, 0.20000000002936952, 0.19999999992311748, 0.1999999999231175, 0.20000000002936952]\n",
      "[0.20000000002531107, 0.2000000000819034, 0.20000000002531107, 0.1999999999337427, 0.1999999999337427]\n",
      "[0.19999999994289955, 0.20000000002181345, 0.20000000007058494, 0.20000000002181345, 0.19999999994289955]\n",
      "[0.19999999995079096, 0.19999999995079096, 0.20000000001879922, 0.20000000006083068, 0.2000000000187992]\n",
      "[0.20000000001620152, 0.1999999999575918, 0.1999999999575918, 0.20000000001620155, 0.2000000000524244]\n",
      "[0.20000000004517987, 0.20000000001396284, 0.1999999999634528, 0.1999999999634528, 0.20000000001396287]\n",
      "[0.20000000001203358, 0.20000000003893648, 0.20000000001203355, 0.19999999996850382, 0.19999999996850382]\n",
      "[0.19999999997285683, 0.20000000001037094, 0.20000000003355592, 0.2000000000103709, 0.1999999999728568]\n",
      "[0.19999999997660822, 0.19999999997660828, 0.20000000000893803, 0.20000000002891896, 0.200000000008938]\n",
      "[0.20000000000770315, 0.19999999997984122, 0.19999999997984128, 0.20000000000770315, 0.2000000000249228]\n",
      "[0.20000000002147889, 0.20000000000663895, 0.19999999998262744, 0.1999999999826275, 0.20000000000663895]\n",
      "[0.2000000000057218, 0.20000000001851093, 0.2000000000057218, 0.1999999999850286, 0.19999999998502865]\n",
      "[0.19999999998709797, 0.2000000000049314, 0.20000000001595308, 0.2000000000049314, 0.19999999998709794]\n",
      "[0.19999999998888132, 0.19999999998888135, 0.20000000000425025, 0.2000000000137488, 0.20000000000425022]\n",
      "[0.20000000000366322, 0.19999999999041823, 0.19999999999041823, 0.20000000000366322, 0.2000000000118491]\n",
      "[0.20000000001021195, 0.20000000000315732, 0.19999999999174278, 0.19999999999174278, 0.20000000000315732]\n",
      "[0.20000000000272136, 0.20000000000880105, 0.20000000000272136, 0.19999999999288426, 0.19999999999288426]\n",
      "[0.19999999999386797, 0.20000000000234563, 0.2000000000075851, 0.20000000000234563, 0.19999999999386797]\n",
      "[0.19999999999471574, 0.19999999999471574, 0.20000000000202184, 0.20000000000653723, 0.20000000000202184]\n",
      "[0.20000000000174278, 0.19999999999544638, 0.19999999999544638, 0.20000000000174278, 0.20000000000563417]\n",
      "[0.2000000000048559, 0.2000000000015023, 0.19999999999607604, 0.199999999996076, 0.2000000000015023]\n",
      "[0.20000000000129506, 0.2000000000041852, 0.20000000000129506, 0.1999999999966187, 0.19999999999661866]\n",
      "[0.19999999999708631, 0.20000000000111645, 0.20000000000360715, 0.20000000000111645, 0.19999999999708634]\n",
      "[0.19999999999748938, 0.19999999999748935, 0.20000000000096252, 0.20000000000310902, 0.20000000000096252]\n",
      "[0.20000000000082988, 0.1999999999978367, 0.19999999999783669, 0.20000000000082988, 0.20000000000267973]\n",
      "[0.20000000000230975, 0.20000000000071555, 0.19999999999813603, 0.199999999998136, 0.20000000000071555]\n",
      "[0.20000000000061705, 0.20000000000199092, 0.20000000000061705, 0.19999999999839402, 0.19999999999839396]\n",
      "[0.19999999999861626, 0.2000000000005321, 0.20000000000171614, 0.20000000000053214, 0.19999999999861634]\n",
      "[0.19999999999880794, 0.19999999999880785, 0.20000000000045892, 0.20000000000147938, 0.20000000000045898]\n",
      "[0.20000000000039592, 0.19999999999897303, 0.199999999998973, 0.20000000000039586, 0.20000000000127532]\n",
      "[0.20000000000109946, 0.20000000000034157, 0.19999999999911533, 0.1999999999991153, 0.20000000000034152]\n",
      "[0.20000000000029472, 0.2000000000009479, 0.20000000000029475, 0.19999999999923795, 0.19999999999923795]\n",
      "[0.19999999999934365, 0.20000000000025436, 0.20000000000081725, 0.20000000000025442, 0.19999999999934365]\n",
      "[0.19999999999943474, 0.19999999999943474, 0.2000000000002196, 0.2000000000007047, 0.20000000000021964]\n",
      "[0.20000000000018966, 0.19999999999951326, 0.19999999999951326, 0.20000000000018964, 0.20000000000060772]\n",
      "[0.20000000000052415, 0.20000000000016385, 0.19999999999958093, 0.19999999999958093, 0.20000000000016382]\n",
      "[0.20000000000014156, 0.20000000000045212, 0.20000000000014162, 0.19999999999963924, 0.19999999999963924]\n",
      "[0.19999999999968948, 0.2000000000001224, 0.20000000000039003, 0.20000000000012244, 0.1999999999996895]\n",
      "[0.19999999999973284, 0.1999999999997328, 0.20000000000010593, 0.20000000000033652, 0.20000000000010593]\n",
      "[0.2000000000000917, 0.19999999999977017, 0.19999999999977014, 0.2000000000000917, 0.20000000000029042]\n",
      "[0.2000000000002507, 0.20000000000007942, 0.19999999999980234, 0.1999999999998023, 0.20000000000007942]\n",
      "[0.20000000000006884, 0.20000000000021645, 0.20000000000006884, 0.19999999999983004, 0.19999999999983]\n",
      "[0.19999999999985393, 0.20000000000005974, 0.20000000000018697, 0.20000000000005974, 0.1999999999998539]\n",
      "[0.1999999999998745, 0.19999999999987453, 0.2000000000000519, 0.20000000000016155, 0.2000000000000519]\n",
      "[0.20000000000004514, 0.19999999999989224, 0.19999999999989226, 0.20000000000004511, 0.20000000000013962]\n",
      "[0.20000000000012075, 0.2000000000000393, 0.19999999999990753, 0.19999999999990756, 0.20000000000003929]\n",
      "[0.20000000000003426, 0.20000000000010448, 0.20000000000003426, 0.1999999999999207, 0.19999999999992074]\n",
      "[0.19999999999993212, 0.20000000000002996, 0.20000000000009047, 0.20000000000002996, 0.1999999999999321]\n",
      "[0.1999999999999419, 0.19999999999994192, 0.20000000000002624, 0.20000000000007837, 0.20000000000002624]\n",
      "[0.20000000000002305, 0.19999999999995033, 0.19999999999995036, 0.20000000000002305, 0.20000000000006796]\n",
      "[0.20000000000005896, 0.20000000000002027, 0.1999999999999576, 0.1999999999999576, 0.20000000000002027]\n",
      "[0.2000000000000179, 0.20000000000005125, 0.2000000000000179, 0.19999999999996387, 0.1999999999999639]\n",
      "[0.1999999999999693, 0.20000000000001586, 0.2000000000000446, 0.20000000000001586, 0.19999999999996929]\n",
      "[0.19999999999997398, 0.199999999999974, 0.20000000000001408, 0.2000000000000388, 0.20000000000001408]\n",
      "[0.20000000000001256, 0.199999999999978, 0.19999999999997803, 0.20000000000001256, 0.20000000000003387]\n",
      "[0.20000000000002965, 0.20000000000001122, 0.19999999999998147, 0.1999999999999815, 0.20000000000001122]\n",
      "[0.20000000000001011, 0.200000000000026, 0.20000000000001011, 0.19999999999998447, 0.1999999999999845]\n",
      "[0.19999999999998708, 0.20000000000000917, 0.20000000000002283, 0.20000000000000914, 0.19999999999998708]\n",
      "[0.1999999999999893, 0.19999999999998933, 0.20000000000000837, 0.2000000000000201, 0.20000000000000834]\n",
